E:\prg\prj\reference-crdts>python -O bench.py 
Starting yjs mod automerge-paper
10000
20000
30000
40000
50000
60000
70000
80000
90000
100000
110000
120000
130000
140000
150000
160000
170000
180000
190000
200000
210000
220000
230000
240000
250000
Time: 1517.920s
Transactions: 259778 (171.1/s)
Patches: 259778 (171.1/s)
Starting automerge automerge-paper
10000
20000
30000
40000
50000
60000
70000
80000
90000
100000
110000
120000
130000
140000
150000
160000
170000
180000
190000
200000
210000
220000
230000
240000
250000
Time: 1512.124s
Transactions: 259778 (171.8/s)
Patches: 259778 (171.8/s)
Starting sync9 automerge-paper
10000
20000
30000
40000
50000
60000
70000
80000
90000
100000
110000
120000
130000
140000
150000
160000
170000
180000
190000
200000
210000
220000
230000
240000
250000
Time: 3011.811s
Transactions: 259778 (86.3/s)
Patches: 259778 (86.3/s)
